# name: debug
# type: sparse matrix
# nnz: 171
# rows: 12
# columns: 12

1 1 7.469781833
2 1 -0.000000000
3 1 -3.001307737
4 1 -1.000000000
5 1 -0.000000000
6 1 0.000000000
7 1 -1.000000000
8 1 0.000000000
9 1 0.000000000
9 1 -1.000000000
10 1 0.000000000
11 1 0.000000000
11 1 -1.000000000
12 1 0.000000000
13 1 0.000000000
1 2 -0.000000000
2 2 7.469781833
3 2 -7.999456559
4 2 -0.000000000
5 2 -1.000000000
6 2 0.000000000
7 2 0.000000000
8 2 -1.000000000
9 2 0.000000000
9 2 0.000000000
10 2 -1.000000000
11 2 0.000000000
11 2 0.000000000
12 2 -1.000000000
13 2 0.000000000
1 3 -3.001307737
2 3 -7.999456559
3 3 51.691939435
4 3 -0.000784376
5 3 -1.999930785
6 3 -1.000000000
7 3 0.000637863
8 3 3.333315361
9 3 0.000000000
9 3 0.000612777
10 3 2.666652330
11 3 3.000841474
11 3 0.000000000
12 3 3.999419654
13 3 0.000000000
1 4 -1.000000000
2 4 -0.000000000
3 4 -0.000784376
4 4 6.469781833
5 4 0.000000000
6 4 -3.004445243
7 4 -1.000000000
8 4 -0.000000000
9 4 -1.000000000
9 4 0.000000000
10 4 -0.000000000
11 4 0.000000000
11 4 -1.000000000
12 4 -0.000000000
13 4 0.000000000
1 5 -0.000000000
2 5 -1.000000000
3 5 -1.999930785
4 5 0.000000000
5 5 6.469781833
6 5 -15.999179700
7 5 -0.000000000
8 5 -1.000000000
9 5 0.000000000
9 5 -0.000000000
10 5 -1.000000000
11 5 0.000000000
11 5 -0.000000000
12 5 -1.000000000
13 5 0.000000000
1 6 0.000000000
2 6 0.000000000
3 6 -1.000000000
4 6 -3.004445243
5 6 -15.999179700
6 6 98.692261662
7 6 0.001422240
8 6 5.333246146
9 6 0.000000000
9 6 0.001397153
10 6 4.666583115
11 6 0.000000000
11 6 3.001625850
12 6 5.999350439
13 6 0.000000000
1 7 -1.000000000
2 7 0.000000000
3 7 0.000637863
4 7 -1.000000000
5 7 -0.000000000
6 7 0.001422240
7 7 5.469781833
8 7 0.000000000
9 7 0.000000000
1 8 0.000000000
2 8 -1.000000000
3 8 3.333315361
4 8 -0.000000000
5 8 -1.000000000
6 8 5.333246146
7 8 3.000000000
8 8 2.469781833
9 8 0.000000000
1 9 -1.000000000
1 9 0.000000000
2 9 0.000000000
2 9 0.000000000
3 9 0.000612777
3 9 0.000000000
4 9 -1.000000000
4 9 0.000000000
5 9 -0.000000000
5 9 0.000000000
6 9 0.001397153
6 9 0.000000000
7 9 0.000000000
8 9 0.000000000
9 9 2.469781833
9 9 5.469781833
10 9 0.000000000
11 9 0.000000000
1 10 0.000000000
2 10 -1.000000000
3 10 2.666652330
4 10 -0.000000000
5 10 -1.000000000
6 10 4.666583115
9 10 3.000000000
10 10 2.469781833
11 10 0.000000000
1 11 -1.000000000
1 11 0.000000000
2 11 0.000000000
2 11 0.000000000
3 11 3.000841474
3 11 0.000000000
4 11 0.000000000
4 11 -1.000000000
5 11 0.000000000
5 11 -0.000000000
6 11 3.001625850
6 11 0.000000000
9 11 0.000000000
10 11 0.000000000
11 11 2.469781833
11 11 5.469781833
12 11 0.000000000
13 11 0.000000000
1 12 0.000000000
2 12 -1.000000000
3 12 3.999419654
4 12 -0.000000000
5 12 -1.000000000
6 12 5.999350439
11 12 3.000000000
12 12 2.469781833
13 12 0.000000000
1 13 0.000000000
2 13 0.000000000
3 13 0.000000000
4 13 0.000000000
5 13 0.000000000
6 13 0.000000000
11 13 0.000000000
12 13 0.000000000
13 13 2.469781833
